##TITLE= Parameter file, TopSpin 4.0.8
##JCAMPDX= 5.0
##DATATYPE= Parameter Values
##NPOINTS= 8	$$ modification sequence number
##ORIGIN= Bruker BioSpin GmbH
##OWNER= ERIC
$$ 2020-04-16 12:28:57.011 +0100  ERIC@ERIC-PC
$$ C:/Users/ERIC/OneDrive/gCOSY_01.fid/10/pdata/1/clevels
$$ process C:\Bruker\TopSpin4.0.8\prog\mod\dataserver.exe
##$LEVELS= (0..255)
-449965274881.956 -249980708267.754 -138878171259.863 -77154539588.8128
-42863633104.896 -23813129502.72 -13229516390.4 -7349731328 7349731328
13229516390.4 23813129502.72 42863633104.896 77154539588.8128 138878171259.863
249980708267.754 449965274881.956 0 0 0 0 0 0 0 0 0 0 0 0 0 0 0 0 0 0 0
0 0 0 0 0 0 0 0 0 0 0 0 0 0 0 0 0 0 0 0 0 0 0 0 0 0 0 0 0 0 0 0 0 0 0 0
0 0 0 0 0 0 0 0 0 0 0 0 0 0 0 0 0 0 0 0 0 0 0 0 0 0 0 0 0 0 0 0 0 0 0 0
0 0 0 0 0 0 0 0 0 0 0 0 0 0 0 0 0 0 0 0 0 0 0 0 0 0 0 0 0 0 0 0 0 0 0 0
0 0 0 0 0 0 0 0 0 0 0 0 0 0 0 0 0 0 0 0 0 0 0 0 0 0 0 0 0 0 0 0 0 0 0 0
0 0 0 0 0 0 0 0 0 0 0 0 0 0 0 0 0 0 0 0 0 0 0 0 0 0 0 0 0 0 0 0 0 0 0 0
0 0 0 0 0 0 0 0 0 0 0 0 0 0 0 0 0 0 0 0 0 0 0 0 0 0 0 0 0 0 0 0 0 0 0 0
0 0 0 0 0
##$LEVSIGN= 3
##$MAXLEV= 8
##$METHOD= 0
##$NEGBASE= -7349731328
##$NEGINCR= 1.8
##$POSBASE= 7349731328
##$POSINCR= 1.8
##END=
