0 0
a 512 79 85 7.385547 7.290323
  4096 452 471 7.756768 7.716881
a 512 73 77 7.496006 7.423636
  4096 453 468 7.755595 7.723920
a 512 67 71 7.591230 7.522669
  4096 455 467 7.750902 7.725093
a 512 56 61 7.785486 7.694072
  4096 454 468 7.753248 7.723920
a 512 79 84 7.385547 7.305559
  4096 530 551 7.590183 7.545604
a 512 73 77 7.492198 7.419828
  4096 528 551 7.593702 7.545604
a 512 67 71 7.598848 7.515051
  4096 530 549 7.590183 7.547950
a 512 57 61 7.770251 7.701690
  4096 534 547 7.581971 7.552642
a 512 73 77 7.484580 7.412210
  4096 584 605 7.472869 7.429463
a 512 66 71 7.602657 7.522669
  4096 584 604 7.472869 7.431809
a 512 57 61 7.766442 7.701690
  4096 634 653 7.367287 7.325054
a 512 65 71 7.625511 7.522669
  4096 635 652 7.363768 7.327400
a 512 73 78 7.480771 7.404592
  4096 631 649 7.371980 7.334439
a 512 81 87 7.355075 7.256043
  4096 631 651 7.373153 7.329747
a 512 91 95 7.187482 7.115112
  4096 680 695 7.267571 7.234723
a 512 84 89 7.297941 7.210335
  4096 681 693 7.266397 7.239415
a 512 91 96 7.176055 7.096067
  4096 725 740 7.170200 7.139699
a 512 85 90 7.286514 7.202718
  4096 724 741 7.172547 7.136179
