# PEAKLIST_VERSION 1.1
# PEAKLIST_DIMENSION 2
# 2020-04-16 12:29:47 +0100  ERIC@ERIC-PC
# DU=C:/Users/ERIC/OneDrive, NAME=gCOSY_01.fid, EXPNO=10, PROCNO=1
# F2 peak picking range ( ppm )
# 2 F1P=8.7263, 2 F2P=-0.0736
# F1 peak picking range ( ppm )
# 1 F1P=8.7263, 1 F2P=-0.0736
# MI=0.1 (= 5.408750813184E11), MAXI=1.0 (= 5.408750813184E12)
# PEAK RESOL.=1, INTERPOL. TYPE=NONE, DIAG. GAP=-1, MAX. # PEAKS=2147483647

     #     F2#     F1#           F2[ppm]           F1[ppm]       Intensity       Annotation

     0   458.0    58.0            7.7445            7.7467 558677573632.00
     1  2760.0   318.0            2.7988            3.2779 568696717312.00
     2   540.0    68.0            7.5683            7.5748 570638204928.00
     3   641.0    81.0            7.3513            7.3513 570688962560.00
     4  2519.0   317.0            3.3166            3.2951 587624235008.00
     5  2525.0   316.0            3.3037            3.3123 591233417216.00
     6  2850.0   345.0            2.6055            2.8139 616663842816.00
     7  2749.0   318.0            2.8224            3.2779 626013847552.00
     8  2530.0   317.0            3.2930            3.2951 637695197184.00
     9  2841.0   345.0            2.6248            2.8139 643268280320.00
    10  2848.0   345.0            2.6098            2.8139 643469443072.00
    11  2857.0   345.0            2.5904            2.8139 646847070208.00
    12  3353.0   450.0            1.5248            1.0092 650961879040.00
    13  3134.0   451.0            1.9953            0.9920 655702458368.00
    14   597.0    76.0            7.4459            7.4373 659812401152.00
    15   458.0    80.0            7.7445            7.3685 689064706048.00
    16  3144.0   449.0            1.9738            1.0264 689950294016.00
    17  3334.0   451.0            1.5656            0.9920 700080472064.00
    18   463.0    80.0            7.7338            7.3685 702851448832.00
    19   592.0    69.0            7.4566            7.5576 711850213376.00
    20   463.0    59.0            7.7338            7.7295 713908912128.00
    21   597.0    69.0            7.4459            7.5576 720709517312.00
    22  2858.0   316.0            2.5883            3.3123 725341667328.00
    23  2514.0   315.0            3.3273            3.3295 736708313088.00
    24   463.0    82.0            7.7338            7.3342 740957831168.00
    25   458.0    82.0            7.7445            7.3342 744264925184.00
    26  3340.0   451.0            1.5527            0.9920 744461156352.00
    27   540.0    75.0            7.5683            7.4545 755337134080.00
    28  3152.0   450.0            1.9566            1.0092 794215186432.00
    29  3345.0   451.0            1.5420            0.9920 801698414592.00
    30   646.0    58.0            7.3406            7.7467 812925239296.00
    31  2840.0   316.0            2.6269            3.3123 840069496832.00
    32   636.0    58.0            7.3621            7.7467 862474174464.00
    33   592.0    75.0            7.4566            7.4545 890655096832.00
    34  3143.0   451.0            1.9760            0.9920 903673233408.00
    35  2746.0   316.0            2.8289            3.3123 992018087936.00
    36  2757.0   316.0            2.8053            3.3123 1016310972416.00
    37  2760.0   316.0            2.7988            3.3123 1118039621632.00
    38  2749.0   316.0            2.8224            3.3123 1193265381376.00
    39   535.0    75.0            7.5791            7.4545 1438970101760.00
    40   545.0    75.0            7.5576            7.4545 1523329515520.00
    41  2761.0   345.0            2.7967            2.8139 1541373231104.00
    42  2514.0   346.0            3.3273            2.7967 1618785845248.00
    43  2530.0   344.0            3.2930            2.8310 1621141553152.00
    44  2530.0   346.0            3.2930            2.7967 1642014801920.00
    45  2757.0   345.0            2.8053            2.8139 1649759420416.00
    46  2844.0   316.0            2.6183            3.3123 1650618171392.00
    47  3601.0   452.0            0.9920            0.9748 1659989377024.00
    48  2525.0   346.0            3.3037            2.7967 1671856340992.00
    49  2854.0   316.0            2.5969            3.3123 1696737427456.00
    50  2519.0   344.0            3.3166            2.8310 1701012504576.00
    51  2514.0   344.0            3.3273            2.8310 1703999553536.00
    52  2746.0   345.0            2.8289            2.8139 1715576668160.00
    53  2519.0   346.0            3.3166            2.7967 1735750860800.00
    54  2525.0   344.0            3.3037            2.8310 1755292073984.00
    55  2749.0   345.0            2.8224            2.8139 1883214364672.00
    56  2850.0   316.0            2.6055            3.3123 2064370597888.00
    57  2848.0   316.0            2.6098            3.3123 2112509739008.00
    58  3600.0   450.0            0.9941            1.0092 2215749648384.00
    59  3591.0   449.0            1.0135            1.0264 2540525715456.00
    60  3596.0   452.0            1.0027            0.9748 3027674775552.00
    61  3596.0   450.0            1.0027            1.0092 5408750813184.00
